STU091,Olivia Hall,0.0